Test_error: 0.6448360505693229
Train_error: 0.04532936868386858
