Test_error: 1.1247882894657213
Train_error: 1.0700144158372316
