Test_error: 0.39346541977182
Train_error: 0.0644437340730947
