Test_error: 0.642920964293628
Train_error: 0.5870251409048274
